00 01 01 01 01 01 01 01 01 01 01 00 00 00 00 00
00 01 21 15 01 01 00 00 00 00 01 01 01 01 00 00
00 01 01 23 13 00 00 01 01 21 00 11 22 01 00 00
00 01 01 01 01 15 01 01 01 01 13 01 01 01 01 00
00 01 25 00 01 00 22 13 11 00 21 01 00 24 01 00
00 01 00 00 00 01 01 00 00 01 01 00 00 00 01 00
00 01 01 01 00 15 21 11 00 23 11 00 01 01 01 00
00 00 00 01 00 00 15 01 01 11 00 00 01 00 00 00
00 00 00 01 01 01 00 01 01 23 01 01 01 00 00 00
00 00 00 00 00 01 01 01 01 01 01 00 00 00 00 00
00 00 00 00 00 00 00 00 00 00 00 00 00 00 00 00
---
00 00 00 00 00 00 02 02 02 02 00 00 00 00 00 00
00 00 00 00 00 00 02 00 22 02 00 00 00 00 00 00
00 00 00 00 00 00 02 23 22 02 00 00 00 00 00 00
00 00 02 00 00 00 02 15 23 02 00 00 00 02 00 00
00 00 02 00 00 00 02 23 15 02 00 00 02 02 00 00
00 00 02 25 02 00 02 15 21 02 00 02 24 02 00 00
00 00 02 11 13 02 02 13 11 02 02 23 13 02 00 00
00 00 00 02 15 11 21 23 15 15 11 15 02 00 00 00
00 00 00 00 02 02 22 23 22 23 02 02 00 00 00 00
00 00 00 00 00 02 02 02 02 21 99 00 00 00 00 00
00 00 00 00 00 00 00 00 00 00 00 00 00 00 00 00
---
10 10 10 10 10 10 10 00 22 10 10 10 10 10 10 10
10 00 06 00 06 00 06 00 00 07 00 06 00 06 21 10
10 05 10 04 10 04 10 05 05 10 05 10 05 10 04 10
10 00 07 00 07 00 06 00 00 06 00 06 00 07 00 10
10 05 10 04 10 05 10 04 04 10 05 10 05 10 04 10
10 00 06 00 06 00 07 15 24 07 00 07 00 07 00 10
10 05 10 05 10 05 10 04 11 10 04 10 04 10 04 10
10 00 06 23 06 00 13 11 25 07 00 07 23 06 00 10
10 05 10 04 10 05 10 05 05 10 04 10 05 10 04 10
10 00 07 00 06 00 07 00 00 07 00 07 00 07 00 10
10 10 10 10 10 10 10 10 10 10 10 10 10 10 10 10
---
22 23 07 07 07 07 13 15 00 22 21 06 06 06 06 00
15 15 15 15 03 03 23 03 03 00 07 07 07 07 07 05
15 15 15 15 07 07 13 00 13 21 03 03 03 03 03 05
00 15 15 15 03 03 03 00 00 03 03 15 15 15 25 05
23 00 00 00 06 06 00 06 00 15 15 15 03 03 03 05
03 13 03 03 03 03 23 03 03 15 03 03 24 13 15 11
03 15 15 00 23 03 23 06 03 13 03 03 03 03 03 05
03 23 15 15 23 03 07 04 03 15 11 11 21 23 03 05
03 15 15 15 23 03 04 03 03 03 00 11 22 22 03 05
03 15 15 23 23 03 04 03 22 11 21 04 23 23 03 05
03 03 03 03 03 03 04 06 06 23 06 21 06 06 06 06
---
00 00 00 00 00 00 00 00 00 00 00 00 00 00 00 00
00 00 00 00 00 00 00 21 00 00 00 00 00 00 00 00
08 11 11 11 11 11 11 11 11 11 11 11 11 11 08 99
00 08 11 23 13 13 15 21 15 22 15 11 21 08 00 00
00 00 08 15 21 15 22 15 13 15 22 13 08 00 00 00
00 00 00 08 13 23 13 21 15 11 13 08 00 00 00 00
00 00 00 00 08 13 11 15 13 23 08 00 00 00 00 00
00 00 00 00 00 08 15 24 11 08 00 00 00 00 00 00
00 00 00 00 00 00 08 11 08 00 00 00 00 00 00 00
00 00 00 00 00 00 00 25 00 00 00 00 00 00 00 00
00 00 00 00 00 08 08 08 08 08 08 00 00 00 00 00
---
00 01 01 01 01 01 00 00 00 00 01 01 01 01 01 00
00 01 25 01 21 01 00 00 00 00 01 22 00 00 01 00
00 01 11 01 13 01 00 00 00 00 01 11 00 00 01 00
00 01 00 01 00 01 01 01 01 01 01 00 01 21 01 00
00 01 00 00 00 13 00 00 00 01 13 11 00 00 01 00
00 01 00 00 00 01 24 00 00 00 00 01 00 00 01 00
00 01 15 15 15 00 01 01 01 01 13 00 11 00 01 00
00 01 00 00 00 01 00 00 00 15 00 01 00 00 01 00
00 01 23 00 00 15 23 11 00 01 22 01 00 23 01 00
00 01 01 01 01 01 01 01 01 01 01 01 01 01 01 00
00 00 00 00 00 00 00 00 00 00 00 00 00 00 00 00
---
07 07 07 07 15 21 00 02 22 23 00 15 00 11 00 00
04 02 02 02 02 02 22 13 02 02 02 00 00 11 02 00
04 00 00 02 05 06 00 00 00 00 00 00 00 02 00 11
02 21 04 02 05 21 02 02 02 04 02 02 02 00 00 13
21 02 04 22 05 13 13 00 00 00 00 00 00 00 00 21
13 00 00 22 05 00 00 02 00 05 00 11 00 00 02 13
22 15 00 11 05 02 00 00 00 05 02 13 02 00 02 11
21 02 00 11 05 06 06 06 06 00 15 22 02 00 02 13
23 11 13 06 06 02 23 11 11 00 02 23 02 00 02 15
02 02 02 00 00 21 02 02 02 02 00 02 23 00 02 24
25 11 15 21 00 00 00 15 00 00 00 00 15 00 02 23